  -4124.319292466332      -4125.147092675354          0.827800209022
  -4124.385632079599      -4124.099167555964         -0.286464523635
  -4124.448908492173      -4124.256828745250         -0.192079746924
  -4124.449020680971      -4124.320354199977         -0.128666480993
  -4124.449022177815      -4124.352527536148         -0.096494641667
  -4124.449022506136      -4124.371838578677         -0.077183927459
  -4124.449022746573      -4124.385058219192         -0.063964527381
  -4124.449022784502      -4124.394196144760         -0.054826639742
  -4124.449022793043      -4124.401061367233         -0.047961425810
  -4124.449022802714      -4124.408328992209         -0.040693810505
  -4124.449022787503      -4124.410956912470         -0.038065875033
  -4124.449022824331      -4124.414074542005         -0.034948282327
  -4124.319545486498      -4125.147373095062          0.827827608564
  -4124.393835103991      -4124.107740884149         -0.286094219841
  -4124.448987996504      -4124.265237812831         -0.183750183673
  -4124.449031951903      -4124.326064482140         -0.122967469762
  -4124.449031951968      -4124.356800236830         -0.092231715138
  -4124.449031951966      -4124.375257540198         -0.073774411769
  -4124.449031951966      -4124.387972966762         -0.061058985204
  -4124.449031951968      -4124.396574172360         -0.052457779608
  -4124.449031951969      -4124.403229037693         -0.045802914276
  -4124.449031951966      -4124.410148631525         -0.038883320442
  -4124.449031951964      -4124.412654508024         -0.036377443939
  -4124.449031951968      -4124.415643412456         -0.033388539512
  -4124.449031951968      -4124.418279422385         -0.030752529583
  -4124.449031951966      -4124.420909385098         -0.028122566869
  -4124.449031951968      -4124.422445708615         -0.026586243353
  -4124.449031951968      -4124.423846423052         -0.025185528916
  -4124.449031951968      -4124.427184537410         -0.021847414559
  -4124.449031951965      -4124.427459418437         -0.021572533528
  -4124.449031951966      -4124.428126339986         -0.020905611980
  -4124.449031951967      -4124.429539632963         -0.019492319005
  -4124.449031951964      -4124.430383612564         -0.018648339400
