  -4124.319292466332      -4125.147092675354          0.827800209022
  -4124.385632079599      -4124.099167555964         -0.286464523635
  -4124.448908492173      -4124.256828745250         -0.192079746924
  -4124.449020680971      -4124.320354199977         -0.128666480993
  -4124.449022177815      -4124.352527536148         -0.096494641667
  -4124.449022506136      -4124.371838578677         -0.077183927459
  -4124.449022746573      -4124.385058219192         -0.063964527381
  -4124.449022784502      -4124.394196144760         -0.054826639742
  -4124.449022793043      -4124.401061367233         -0.047961425810
  -4124.449022802714      -4124.408328992209         -0.040693810505
  -4124.449022787503      -4124.410956912470         -0.038065875033
  -4124.449022824331      -4124.414074542005         -0.034948282327
  -4124.319545486498      -4125.147373095062          0.827827608564
  -4124.393835103991      -4124.107740884149         -0.286094219841
